   1       0 ram0 0 0 0 0 0 0 0 0 0 0 0
   1       1 ram1 0 0 0 0 0 0 0 0 0 0 0
   1       2 ram2 0 0 0 0 0 0 0 0 0 0 0
   1       3 ram3 0 0 0 0 0 0 0 0 0 0 0
   1       4 ram4 0 0 0 0 0 0 0 0 0 0 0
   1       5 ram5 0 0 0 0 0 0 0 0 0 0 0
   1       6 ram6 0 0 0 0 0 0 0 0 0 0 0
   1       7 ram7 0 0 0 0 0 0 0 0 0 0 0
   1       8 ram8 0 0 0 0 0 0 0 0 0 0 0
   1       9 ram9 0 0 0 0 0 0 0 0 0 0 0
   1      10 ram10 0 0 0 0 0 0 0 0 0 0 0
   1      11 ram11 0 0 0 0 0 0 0 0 0 0 0
   1      12 ram12 0 0 0 0 0 0 0 0 0 0 0
   1      13 ram13 0 0 0 0 0 0 0 0 0 0 0
   1      14 ram14 0 0 0 0 0 0 0 0 0 0 0
   1      15 ram15 0 0 0 0 0 0 0 0 0 0 0
   7       0 loop0 0 0 0 0 0 0 0 0 0 0 0
   7       1 loop1 0 0 0 0 0 0 0 0 0 0 0
   7       2 loop2 0 0 0 0 0 0 0 0 0 0 0
   7       3 loop3 0 0 0 0 0 0 0 0 0 0 0
   7       4 loop4 0 0 0 0 0 0 0 0 0 0 0
   7       5 loop5 0 0 0 0 0 0 0 0 0 0 0
   7       6 loop6 0 0 0 0 0 0 0 0 0 0 0
   7       7 loop7 0 0 0 0 0 0 0 0 0 0 0
  11       0 sr0 0 0 0 0 0 0 0 0 0 0 0
   8       0 sda 564556 53386 59330276 2483372 8415279 12001110 163335820 28788615 0 10569166 31266199
   8       1 sda1 780 396 23190 1276 39 5 100 179 0 1250 1455
   8       2 sda2 563620 52990 59305838 2481995 8415240 12001105 163335720 28788436 0 10568029 31264644
 253       0 dm-0 259042 0 6720266 1566088 780467 0 6243736 18964843 0 1317930 20787635
 253       1 dm-1 2166 0 17328 18668 3217 0 25736 29793 0 6844 48461
 253       2 dm-2 276 0 2202 749 4395 0 35160 146186 0 1848 146935
 253       3 dm-3 431202 0 67780626 1869598 24211795 0 195336176 906412678 0 9928412 913916992
   8      16 sdb 73857 2029 15221704 245618 510737 4065853 38305240 3478698 0 1103995 3723762
   8      17 sdb1 73670 2003 15220000 245590 510736 4065853 38305232 3478517 0 1103786 3723553
